mausoto@x1c7.66520:1756370270