0,1,17,201,209,210,215,225
1,0,15,200,202,204,206,208
17,15,0,5,6,10,18,207
201,200,5,0,4,8,16,203
209,202,6,4,0,2,14,199
210,204,10,8,2,0,12,180
215,206,18,16,14,12,0,170
225,208,207,203,199,180,170,0