 0,20,21,22,23,24
20, 0,15,18,19,23
21,15, 0,14,14.5,22
22,18,14, 0,14.2,17
23,19,14.5,14.2, 0,14
24,23,22,17,14, 0
