 0,20,22,26,28,30,32
20, 0,18,24,26,28,30
22,18, 0,21,25,27,28
26,24,21, 0,23,25,25.5
28,26,25,23,0 ,22,22.5
30,28,27,25,22, 0,22.25 
32,30,28,25.5,22.5,22.25,0